epoch,timestamp,operations,operations-delta,operations/second
1616749092.415,26/03/2021 11:58:12,3002,3002,2999.001
1616749093.415,26/03/2021 11:58:13,6003,3001,3001
1616749094.415,26/03/2021 11:58:14,9005,3002,3002
1616749095.415,26/03/2021 11:58:15,12004,2999,2999
1616749096.415,26/03/2021 11:58:16,15005,3001,3001
1616749097.416,26/03/2021 11:58:17,18005,3000,2997.003
1616749098.416,26/03/2021 11:58:18,21006,3001,3001
1616749099.416,26/03/2021 11:58:19,24007,3001,3001
1616749100.416,26/03/2021 11:58:20,27008,3001,3001
1616749101.416,26/03/2021 11:58:21,30008,3000,3000
1616749102.416,26/03/2021 11:58:22,33008,3000,3000
1616749103.416,26/03/2021 11:58:23,36008,3000,3000
1616749104.417,26/03/2021 11:58:24,39009,3001,2998.002
1616749105.417,26/03/2021 11:58:25,42009,3000,3000
1616749106.417,26/03/2021 11:58:26,45009,3000,3000
1616749107.417,26/03/2021 11:58:27,48009,3000,3000
1616749108.417,26/03/2021 11:58:28,51010,3001,3001
1616749109.417,26/03/2021 11:58:29,54010,3000,3000
1616749110.417,26/03/2021 11:58:30,57011,3001,3001
1616749111.417,26/03/2021 11:58:31,60011,3000,3000
1616749112.417,26/03/2021 11:58:32,63010,2999,2999
1616749113.418,26/03/2021 11:58:33,66011,3001,2998.002
1616749114.418,26/03/2021 11:58:34,69011,3000,3000
1616749115.418,26/03/2021 11:58:35,72012,3001,3001
1616749116.418,26/03/2021 11:58:36,75012,3000,3000
1616749117.418,26/03/2021 11:58:37,78013,3001,3001
1616749118.418,26/03/2021 11:58:38,81013,3000,3000
1616749119.418,26/03/2021 11:58:39,84013,3000,3000
1616749120.418,26/03/2021 11:58:40,87012,2999,2999
1616749121.418,26/03/2021 11:58:41,90013,3001,3001
1616749122.419,26/03/2021 11:58:42,93016,3003,3000
1616749123.419,26/03/2021 11:58:43,96014,2998,2998
1616749124.419,26/03/2021 11:58:44,99014,3000,3000
1616749125.419,26/03/2021 11:58:45,102015,3001,3001
1616749126.419,26/03/2021 11:58:46,105018,3003,3003
1616749127.419,26/03/2021 11:58:47,108018,3000,3000
1616749128.419,26/03/2021 11:58:48,111018,3000,3000
1616749129.42,26/03/2021 11:58:49,114020,3002,2999.001
1616749130.42,26/03/2021 11:58:50,117020,3000,3000
1616749131.42,26/03/2021 11:58:51,120020,3000,3000
1616749132.42,26/03/2021 11:58:52,123020,3000,3000
1616749133.42,26/03/2021 11:58:53,126020,3000,3000
1616749134.42,26/03/2021 11:58:54,129021,3001,3001
1616749135.42,26/03/2021 11:58:55,132021,3000,3000
1616749136.421,26/03/2021 11:58:56,135021,3000,2997.003
1616749137.421,26/03/2021 11:58:57,138021,3000,3000
1616749138.421,26/03/2021 11:58:58,141021,3000,3000
1616749139.421,26/03/2021 11:58:59,144021,3000,3000
1616749140.421,26/03/2021 11:59:00,147023,3002,3002
1616749141.421,26/03/2021 11:59:01,150022,2999,2999
1616749142.421,26/03/2021 11:59:02,153022,3000,3000
1616749143.421,26/03/2021 11:59:03,156022,3000,3000
1616749144.422,26/03/2021 11:59:04,159022,3000,2997.003
1616749145.422,26/03/2021 11:59:05,162023,3001,3001
1616749146.422,26/03/2021 11:59:06,165024,3001,3001
1616749147.422,26/03/2021 11:59:07,168023,2999,2999
1616749148.422,26/03/2021 11:59:08,171024,3001,3001
1616749149.422,26/03/2021 11:59:09,174025,3001,3001
1616749150.422,26/03/2021 11:59:10,177026,3001,3001
1616749151.422,26/03/2021 11:59:11,180026,3000,3000
1616749152.422,26/03/2021 11:59:12,183027,3001,3001
1616749153.423,26/03/2021 11:59:13,186026,2999,2996.004
1616749154.423,26/03/2021 11:59:14,189027,3001,3001
1616749155.423,26/03/2021 11:59:15,192028,3001,3001
1616749156.423,26/03/2021 11:59:16,195028,3000,3000
1616749157.423,26/03/2021 11:59:17,198028,3000,3000
1616749158.423,26/03/2021 11:59:18,201029,3001,3001
1616749159.423,26/03/2021 11:59:19,204029,3000,3000
1616749160.423,26/03/2021 11:59:20,207030,3001,3001
1616749161.423,26/03/2021 11:59:21,210030,3000,3000
1616749162.424,26/03/2021 11:59:22,213030,3000,2997.003
1616749163.424,26/03/2021 11:59:23,216031,3001,3001
1616749164.424,26/03/2021 11:59:24,219031,3000,3000
1616749165.424,26/03/2021 11:59:25,222031,3000,3000
1616749166.424,26/03/2021 11:59:26,225031,3000,3000
1616749167.424,26/03/2021 11:59:27,228031,3000,3000
1616749168.424,26/03/2021 11:59:28,231032,3001,3001
1616749169.425,26/03/2021 11:59:29,234032,3000,2997.003
1616749170.425,26/03/2021 11:59:30,237033,3001,3001
1616749171.425,26/03/2021 11:59:31,240033,3000,3000
1616749172.425,26/03/2021 11:59:32,243033,3000,3000
1616749173.425,26/03/2021 11:59:33,246034,3001,3001
1616749174.425,26/03/2021 11:59:34,249034,3000,3000
1616749175.425,26/03/2021 11:59:35,252034,3000,3000
1616749176.425,26/03/2021 11:59:36,255033,2999,2999
1616749177.426,26/03/2021 11:59:37,258034,3001,2998.002
1616749178.426,26/03/2021 11:59:38,261036,3002,3002
1616749179.426,26/03/2021 11:59:39,264036,3000,3000
1616749180.426,26/03/2021 11:59:40,267037,3001,3001
1616749181.426,26/03/2021 11:59:41,270038,3001,3001
1616749182.426,26/03/2021 11:59:42,273038,3000,3000
1616749183.426,26/03/2021 11:59:43,276038,3000,3000
1616749184.426,26/03/2021 11:59:44,279039,3001,3001
1616749185.427,26/03/2021 11:59:45,282038,2999,2996.004
1616749186.427,26/03/2021 11:59:46,285039,3001,3001
1616749187.427,26/03/2021 11:59:47,288040,3001,3001
1616749188.427,26/03/2021 11:59:48,291040,3000,3000
1616749189.427,26/03/2021 11:59:49,294040,3000,3000
1616749190.427,26/03/2021 11:59:50,297041,3001,3001
1616749191.427,26/03/2021 11:59:51,300041,3000,3000
1616749192.427,26/03/2021 11:59:52,303042,3001,3001
1616749193.427,26/03/2021 11:59:53,306041,2999,2999
1616749194.428,26/03/2021 11:59:54,309041,3000,2997.003
1616749195.428,26/03/2021 11:59:55,312042,3001,3001
1616749196.428,26/03/2021 11:59:56,315043,3001,3001
1616749197.428,26/03/2021 11:59:57,318041,2998,2998
1616749198.428,26/03/2021 11:59:58,321042,3001,3001
1616749199.428,26/03/2021 11:59:59,324043,3001,3001
1616749200.428,26/03/2021 12:00:00,327043,3000,3000
1616749201.428,26/03/2021 12:00:01,330048,3005,3005
1616749202.429,26/03/2021 12:00:02,333043,2995,2992.008
1616749203.429,26/03/2021 12:00:03,336046,3003,3003
1616749204.429,26/03/2021 12:00:04,339046,3000,3000
1616749205.429,26/03/2021 12:00:05,342042,2996,2996
1616749206.429,26/03/2021 12:00:06,345046,3004,3004
1616749207.429,26/03/2021 12:00:07,348048,3002,3002
1616749208.429,26/03/2021 12:00:08,351048,3000,3000
1616749209.429,26/03/2021 12:00:09,354048,3000,3000
1616749210.43,26/03/2021 12:00:10,357048,3000,2997.003
1616749211.43,26/03/2021 12:00:11,360048,3000,3000
1616749212.43,26/03/2021 12:00:12,363048,3000,3000
1616749213.43,26/03/2021 12:00:13,366050,3002,3002
1616749214.43,26/03/2021 12:00:14,369050,3000,3000
1616749215.43,26/03/2021 12:00:15,372050,3000,3000
1616749216.43,26/03/2021 12:00:16,375050,3000,3000
1616749217.43,26/03/2021 12:00:17,378051,3001,3001
1616749218.43,26/03/2021 12:00:18,381050,2999,2999
1616749219.431,26/03/2021 12:00:19,384051,3001,2998.002
1616749220.431,26/03/2021 12:00:20,387051,3000,3000
1616749221.431,26/03/2021 12:00:21,390051,3000,3000
1616749222.431,26/03/2021 12:00:22,393051,3000,3000
1616749223.431,26/03/2021 12:00:23,396052,3001,3001
1616749224.431,26/03/2021 12:00:24,399053,3001,3001
1616749225.431,26/03/2021 12:00:25,402052,2999,2999
1616749226.431,26/03/2021 12:00:26,405053,3001,3001
1616749227.432,26/03/2021 12:00:27,408053,3000,2997.003
1616749228.432,26/03/2021 12:00:28,411053,3000,3000
1616749229.432,26/03/2021 12:00:29,414054,3001,3001
1616749230.432,26/03/2021 12:00:30,417055,3001,3001
1616749231.432,26/03/2021 12:00:31,420056,3001,3001
1616749232.432,26/03/2021 12:00:32,423056,3000,3000
1616749233.432,26/03/2021 12:00:33,426057,3001,3001
1616749234.432,26/03/2021 12:00:34,429057,3000,3000
1616749235.433,26/03/2021 12:00:35,432057,3000,2997.003
1616749236.433,26/03/2021 12:00:36,435057,3000,3000
1616749237.433,26/03/2021 12:00:37,438058,3001,3001
1616749238.433,26/03/2021 12:00:38,441058,3000,3000
1616749239.433,26/03/2021 12:00:39,444059,3001,3001
1616749240.433,26/03/2021 12:00:40,447059,3000,3000
1616749241.433,26/03/2021 12:00:41,450060,3001,3001
1616749242.433,26/03/2021 12:00:42,453061,3001,3001
1616749243.434,26/03/2021 12:00:43,456060,2999,2996.004
1616749244.434,26/03/2021 12:00:44,459061,3001,3001
1616749245.434,26/03/2021 12:00:45,462061,3000,3000
1616749246.434,26/03/2021 12:00:46,465062,3001,3001
1616749247.434,26/03/2021 12:00:47,468061,2999,2999
1616749248.434,26/03/2021 12:00:48,471061,3000,3000
1616749249.434,26/03/2021 12:00:49,474062,3001,3001
1616749250.434,26/03/2021 12:00:50,477062,3000,3000
1616749251.434,26/03/2021 12:00:51,480063,3001,3001
1616749252.435,26/03/2021 12:00:52,483064,3001,2998.002
1616749253.435,26/03/2021 12:00:53,486068,3004,3004
1616749254.435,26/03/2021 12:00:54,489064,2996,2996
1616749255.435,26/03/2021 12:00:55,492066,3002,3002
1616749256.435,26/03/2021 12:00:56,495066,3000,3000
1616749257.435,26/03/2021 12:00:57,498065,2999,2999
1616749258.436,26/03/2021 12:00:58,501066,3001,2998.002
1616749259.436,26/03/2021 12:00:59,504066,3000,3000
1616749260.436,26/03/2021 12:01:00,507067,3001,3001
1616749261.436,26/03/2021 12:01:01,510068,3001,3001
1616749262.436,26/03/2021 12:01:02,513068,3000,3000
1616749263.436,26/03/2021 12:01:03,516068,3000,3000
1616749264.436,26/03/2021 12:01:04,519068,3000,3000
1616749265.436,26/03/2021 12:01:05,522068,3000,3000
1616749266.436,26/03/2021 12:01:06,525070,3002,3002
1616749267.437,26/03/2021 12:01:07,528070,3000,2997.003
1616749268.437,26/03/2021 12:01:08,531070,3000,3000
1616749269.437,26/03/2021 12:01:09,534070,3000,3000
1616749270.437,26/03/2021 12:01:10,537070,3000,3000
1616749271.437,26/03/2021 12:01:11,540070,3000,3000
1616749272.437,26/03/2021 12:01:12,543071,3001,3001
1616749273.437,26/03/2021 12:01:13,546071,3000,3000
1616749274.437,26/03/2021 12:01:14,549071,3000,3000
1616749275.437,26/03/2021 12:01:15,552071,3000,3000
1616749276.438,26/03/2021 12:01:16,555071,3000,2997.003
1616749277.438,26/03/2021 12:01:17,558072,3001,3001
1616749278.438,26/03/2021 12:01:18,561072,3000,3000
1616749279.438,26/03/2021 12:01:19,564073,3001,3001
1616749280.438,26/03/2021 12:01:20,567073,3000,3000
1616749281.438,26/03/2021 12:01:21,570073,3000,3000
1616749282.438,26/03/2021 12:01:22,573072,2999,2999
1616749283.438,26/03/2021 12:01:23,576073,3001,3001
1616749284.438,26/03/2021 12:01:24,579073,3000,3000
1616749285.438,26/03/2021 12:01:25,582073,3000,3000
1616749286.438,26/03/2021 12:01:26,585074,3001,3001
1616749287.439,26/03/2021 12:01:27,588074,3000,2997.003
1616749288.439,26/03/2021 12:01:28,591074,3000,3000
1616749289.439,26/03/2021 12:01:29,594076,3002,3002
1616749290.439,26/03/2021 12:01:30,597078,3002,3002
1616749291.439,26/03/2021 12:01:31,600078,3000,3000
1616749292.439,26/03/2021 12:01:32,603077,2999,2999
1616749293.439,26/03/2021 12:01:33,606077,3000,3000
1616749294.439,26/03/2021 12:01:34,609078,3001,3001
1616749295.439,26/03/2021 12:01:35,612078,3000,3000
1616749296.44,26/03/2021 12:01:36,615078,3000,2997.003
1616749297.44,26/03/2021 12:01:37,618079,3001,3001
1616749298.44,26/03/2021 12:01:38,621079,3000,3000
1616749299.44,26/03/2021 12:01:39,624080,3001,3001
1616749300.44,26/03/2021 12:01:40,627081,3001,3001
1616749301.44,26/03/2021 12:01:41,630080,2999,2999
1616749302.44,26/03/2021 12:01:42,633081,3001,3001
1616749303.44,26/03/2021 12:01:43,636081,3000,3000
1616749304.44,26/03/2021 12:01:44,639081,3000,3000
1616749305.44,26/03/2021 12:01:45,642080,2999,2999
1616749306.441,26/03/2021 12:01:46,645081,3001,2998.002
1616749307.441,26/03/2021 12:01:47,648081,3000,3000
1616749308.441,26/03/2021 12:01:48,651081,3000,3000
1616749309.441,26/03/2021 12:01:49,654082,3001,3001
1616749310.441,26/03/2021 12:01:50,657081,2999,2999
1616749311.441,26/03/2021 12:01:51,660082,3001,3001
1616749312.441,26/03/2021 12:01:52,663082,3000,3000
1616749313.441,26/03/2021 12:01:53,666083,3001,3001
1616749314.441,26/03/2021 12:01:54,669083,3000,3000
1616749315.441,26/03/2021 12:01:55,672083,3000,3000
1616749316.442,26/03/2021 12:01:56,675083,3000,2997.003
1616749317.442,26/03/2021 12:01:57,678083,3000,3000
1616749318.442,26/03/2021 12:01:58,681084,3001,3001
1616749319.442,26/03/2021 12:01:59,684084,3000,3000
1616749320.442,26/03/2021 12:02:00,687084,3000,3000
1616749321.442,26/03/2021 12:02:01,690086,3002,3002
1616749322.442,26/03/2021 12:02:02,693085,2999,2999
1616749323.442,26/03/2021 12:02:03,696086,3001,3001
1616749324.442,26/03/2021 12:02:04,699086,3000,3000
1616749325.442,26/03/2021 12:02:05,702086,3000,3000
1616749326.442,26/03/2021 12:02:06,705088,3002,3002
1616749327.443,26/03/2021 12:02:07,708087,2999,2996.004
1616749328.443,26/03/2021 12:02:08,711086,2999,2999
1616749329.443,26/03/2021 12:02:09,714088,3002,3002
1616749330.443,26/03/2021 12:02:10,717088,3000,3000
1616749331.443,26/03/2021 12:02:11,720088,3000,3000
1616749332.443,26/03/2021 12:02:12,723090,3002,3002
1616749333.443,26/03/2021 12:02:13,726090,3000,3000
1616749334.443,26/03/2021 12:02:14,729089,2999,2999
1616749335.443,26/03/2021 12:02:15,732090,3001,3001
1616749336.443,26/03/2021 12:02:16,735090,3000,3000
1616749337.444,26/03/2021 12:02:17,738090,3000,2997.003
1616749338.444,26/03/2021 12:02:18,741091,3001,3001
1616749339.444,26/03/2021 12:02:19,744091,3000,3000
1616749340.444,26/03/2021 12:02:20,747091,3000,3000
1616749341.444,26/03/2021 12:02:21,750091,3000,3000
1616749342.444,26/03/2021 12:02:22,753092,3001,3001
1616749343.444,26/03/2021 12:02:23,756092,3000,3000
1616749344.444,26/03/2021 12:02:24,759092,3000,3000
1616749345.444,26/03/2021 12:02:25,762092,3000,3000
1616749346.444,26/03/2021 12:02:26,765093,3001,3001
1616749347.445,26/03/2021 12:02:27,768093,3000,2997.003
1616749348.445,26/03/2021 12:02:28,771092,2999,2999
1616749349.445,26/03/2021 12:02:29,774093,3001,3001
1616749350.445,26/03/2021 12:02:30,777093,3000,3000
1616749351.445,26/03/2021 12:02:31,780094,3001,3001
1616749352.445,26/03/2021 12:02:32,783093,2999,2999
1616749353.445,26/03/2021 12:02:33,786095,3002,3002
1616749354.445,26/03/2021 12:02:34,789095,3000,3000
1616749355.445,26/03/2021 12:02:35,792095,3000,3000
1616749356.446,26/03/2021 12:02:36,795094,2999,2996.004
1616749357.446,26/03/2021 12:02:37,798097,3003,3003
1616749358.446,26/03/2021 12:02:38,801097,3000,3000
1616749359.446,26/03/2021 12:02:39,804097,3000,3000
1616749360.446,26/03/2021 12:02:40,807098,3001,3001
1616749361.446,26/03/2021 12:02:41,810098,3000,3000
1616749362.446,26/03/2021 12:02:42,813098,3000,3000
1616749363.446,26/03/2021 12:02:43,816099,3001,3001
1616749364.446,26/03/2021 12:02:44,819098,2999,2999
1616749365.446,26/03/2021 12:02:45,822100,3002,3002
1616749366.447,26/03/2021 12:02:46,825100,3000,2997.003
1616749367.447,26/03/2021 12:02:47,828099,2999,2999
1616749368.447,26/03/2021 12:02:48,831101,3002,3002
1616749369.447,26/03/2021 12:02:49,834101,3000,3000
1616749370.447,26/03/2021 12:02:50,837101,3000,3000
1616749371.447,26/03/2021 12:02:51,840101,3000,3000
1616749372.447,26/03/2021 12:02:52,843101,3000,3000
1616749373.447,26/03/2021 12:02:53,846101,3000,3000
1616749374.447,26/03/2021 12:02:54,849102,3001,3001
1616749375.447,26/03/2021 12:02:55,852102,3000,3000
1616749376.448,26/03/2021 12:02:56,855101,2999,2996.004
1616749377.448,26/03/2021 12:02:57,858102,3001,3001
1616749378.448,26/03/2021 12:02:58,861103,3001,3001
1616749379.448,26/03/2021 12:02:59,864102,2999,2999
1616749380.448,26/03/2021 12:03:00,867103,3001,3001
1616749381.448,26/03/2021 12:03:01,870103,3000,3000
1616749382.448,26/03/2021 12:03:02,873103,3000,3000
1616749383.448,26/03/2021 12:03:03,876103,3000,3000
1616749384.448,26/03/2021 12:03:04,879104,3001,3001
1616749385.448,26/03/2021 12:03:05,882104,3000,3000
1616749386.449,26/03/2021 12:03:06,885103,2999,2996.004
1616749387.449,26/03/2021 12:03:07,888105,3002,3002
1616749388.449,26/03/2021 12:03:08,891107,3002,3002
1616749389.449,26/03/2021 12:03:09,894106,2999,2999
1616749390.449,26/03/2021 12:03:10,897107,3001,3001
