epoch,timestamp,operations,operations-delta,operations/second
1616751304.142,26/03/2021 12:35:04,23026,23026,23002.997
1616751305.142,26/03/2021 12:35:05,47178,24152,24152
1616751306.142,26/03/2021 12:35:06,71237,24059,24059
1616751307.142,26/03/2021 12:35:07,94565,23328,23328
1616751308.142,26/03/2021 12:35:08,119199,24634,24634
1616751309.142,26/03/2021 12:35:09,144190,24991,24991
1616751310.142,26/03/2021 12:35:10,167465,23275,23275
1616751311.142,26/03/2021 12:35:11,191115,23650,23650
1616751312.142,26/03/2021 12:35:12,216211,25096,25096
1616751313.143,26/03/2021 12:35:13,240255,24044,24019.98
1616751314.143,26/03/2021 12:35:14,265009,24754,24754
1616751315.143,26/03/2021 12:35:15,290195,25186,25186
1616751316.143,26/03/2021 12:35:16,314595,24400,24400
1616751317.143,26/03/2021 12:35:17,339269,24674,24674
1616751318.143,26/03/2021 12:35:18,364277,25008,25008
1616751319.144,26/03/2021 12:35:19,388747,24470,24445.554
1616751320.144,26/03/2021 12:35:20,413135,24388,24388
1616751321.144,26/03/2021 12:35:21,438104,24969,24969
1616751322.144,26/03/2021 12:35:22,463124,25020,25020
1616751323.144,26/03/2021 12:35:23,487710,24586,24586
1616751324.144,26/03/2021 12:35:24,513090,25380,25380
1616751325.144,26/03/2021 12:35:25,536479,23389,23389
1616751326.144,26/03/2021 12:35:26,560704,24225,24225
1616751327.145,26/03/2021 12:35:27,585586,24882,24857.143
1616751328.145,26/03/2021 12:35:28,610658,25072,25072
1616751329.145,26/03/2021 12:35:29,635749,25091,25091
1616751330.145,26/03/2021 12:35:30,660561,24812,24812
1616751331.145,26/03/2021 12:35:31,685402,24841,24841
1616751332.145,26/03/2021 12:35:32,709935,24533,24533
1616751333.145,26/03/2021 12:35:33,733452,23517,23517
1616751334.145,26/03/2021 12:35:34,758647,25195,25195
1616751335.145,26/03/2021 12:35:35,783566,24919,24919
1616751336.146,26/03/2021 12:35:36,807981,24415,24390.609
1616751337.146,26/03/2021 12:35:37,832984,25003,25003
1616751338.146,26/03/2021 12:35:38,858060,25076,25076
1616751339.146,26/03/2021 12:35:39,882717,24657,24657
1616751340.146,26/03/2021 12:35:40,906735,24018,24018
1616751341.146,26/03/2021 12:35:41,931599,24864,24864
1616751342.146,26/03/2021 12:35:42,956551,24952,24952
1616751343.147,26/03/2021 12:35:43,980877,24326,24301.698
1616751344.147,26/03/2021 12:35:44,1005573,24696,24696
1616751345.147,26/03/2021 12:35:45,1030371,24798,24798
1616751346.147,26/03/2021 12:35:46,1055001,24630,24630
1616751347.147,26/03/2021 12:35:47,1079661,24660,24660
1616751348.147,26/03/2021 12:35:48,1104192,24531,24531
1616751349.147,26/03/2021 12:35:49,1128746,24554,24554
1616751350.147,26/03/2021 12:35:50,1152967,24221,24221
1616751351.147,26/03/2021 12:35:51,1177894,24927,24927
1616751352.148,26/03/2021 12:35:52,1202579,24685,24660.34
1616751353.148,26/03/2021 12:35:53,1227325,24746,24746
1616751354.148,26/03/2021 12:35:54,1251721,24396,24396
1616751355.148,26/03/2021 12:35:55,1275664,23943,23943
1616751356.148,26/03/2021 12:35:56,1300020,24356,24356
1616751357.148,26/03/2021 12:35:57,1324642,24622,24622
1616751358.149,26/03/2021 12:35:58,1349218,24576,24551.449
1616751359.149,26/03/2021 12:35:59,1373850,24632,24632
1616751360.149,26/03/2021 12:36:00,1397991,24141,24141
1616751361.149,26/03/2021 12:36:01,1422084,24093,24093
1616751362.149,26/03/2021 12:36:02,1446500,24416,24416
1616751363.15,26/03/2021 12:36:03,1470541,24041,24016.983
1616751364.15,26/03/2021 12:36:04,1494377,23836,23836
1616751365.15,26/03/2021 12:36:05,1518760,24383,24383
1616751366.15,26/03/2021 12:36:06,1543190,24430,24430
1616751367.15,26/03/2021 12:36:07,1567216,24026,24026
1616751368.15,26/03/2021 12:36:08,1591030,23814,23814
1616751369.15,26/03/2021 12:36:09,1615609,24579,24579
1616751370.15,26/03/2021 12:36:10,1639950,24341,24341
1616751371.15,26/03/2021 12:36:11,1664439,24489,24489
1616751372.151,26/03/2021 12:36:12,1689027,24588,24563.437
1616751373.151,26/03/2021 12:36:13,1713489,24462,24462
1616751374.151,26/03/2021 12:36:14,1737954,24465,24465
1616751375.151,26/03/2021 12:36:15,1762392,24438,24438
1616751376.151,26/03/2021 12:36:16,1786773,24381,24381
1616751377.151,26/03/2021 12:36:17,1810910,24137,24137
1616751378.151,26/03/2021 12:36:18,1835430,24520,24520
1616751379.151,26/03/2021 12:36:19,1859682,24252,24252
1616751380.151,26/03/2021 12:36:20,1883835,24153,24153
1616751381.151,26/03/2021 12:36:21,1908083,24248,24248
1616751382.152,26/03/2021 12:36:22,1932421,24338,24313.686
1616751383.152,26/03/2021 12:36:23,1956737,24316,24316
1616751384.152,26/03/2021 12:36:24,1981124,24387,24387
1616751385.152,26/03/2021 12:36:25,2005381,24257,24257
1616751386.152,26/03/2021 12:36:26,2029730,24349,24349
1616751387.152,26/03/2021 12:36:27,2054162,24432,24432
1616751388.152,26/03/2021 12:36:28,2078689,24527,24527
1616751389.152,26/03/2021 12:36:29,2102815,24126,24126
1616751390.152,26/03/2021 12:36:30,2127425,24610,24610
1616751391.152,26/03/2021 12:36:31,2151419,23994,23994
1616751392.153,26/03/2021 12:36:32,2175311,23892,23868.132
1616751393.153,26/03/2021 12:36:33,2199851,24540,24540
1616751394.153,26/03/2021 12:36:34,2224187,24336,24336
1616751395.153,26/03/2021 12:36:35,2247605,23418,23418
1616751396.153,26/03/2021 12:36:36,2271855,24250,24250
1616751397.153,26/03/2021 12:36:37,2296227,24372,24372
1616751398.153,26/03/2021 12:36:38,2320412,24185,24185
1616751399.153,26/03/2021 12:36:39,2344577,24165,24165
1616751400.153,26/03/2021 12:36:40,2369193,24616,24616
1616751401.154,26/03/2021 12:36:41,2393466,24273,24248.751
1616751402.154,26/03/2021 12:36:42,2417856,24390,24390
1616751403.154,26/03/2021 12:36:43,2441910,24054,24054
1616751404.154,26/03/2021 12:36:44,2466238,24328,24328
1616751405.154,26/03/2021 12:36:45,2490368,24130,24130
1616751406.154,26/03/2021 12:36:46,2514497,24129,24129
1616751407.154,26/03/2021 12:36:47,2538828,24331,24331
1616751408.154,26/03/2021 12:36:48,2562463,23635,23635
1616751409.154,26/03/2021 12:36:49,2586412,23949,23949
1616751410.155,26/03/2021 12:36:50,2610386,23974,23950.05
1616751411.155,26/03/2021 12:36:51,2634409,24023,24023
1616751412.155,26/03/2021 12:36:52,2658553,24144,24144
1616751413.155,26/03/2021 12:36:53,2682531,23978,23978
1616751414.155,26/03/2021 12:36:54,2706185,23654,23654
1616751415.156,26/03/2021 12:36:55,2729977,23792,23768.232
1616751416.156,26/03/2021 12:36:56,2753656,23679,23679
1616751417.156,26/03/2021 12:36:57,2777281,23625,23625
1616751418.156,26/03/2021 12:36:58,2801322,24041,24041
1616751419.156,26/03/2021 12:36:59,2825052,23730,23730
1616751420.157,26/03/2021 12:37:00,2849209,24157,24132.867
1616751421.157,26/03/2021 12:37:01,2872712,23503,23503
1616751422.157,26/03/2021 12:37:02,2897046,24334,24334
1616751423.157,26/03/2021 12:37:03,2921507,24461,24461
1616751424.157,26/03/2021 12:37:04,2945460,23953,23953
1616751425.157,26/03/2021 12:37:05,2969649,24189,24189
1616751426.157,26/03/2021 12:37:06,2993611,23962,23962
1616751427.157,26/03/2021 12:37:07,3017662,24051,24051
1616751428.157,26/03/2021 12:37:08,3041778,24116,24116
1616751429.157,26/03/2021 12:37:09,3065938,24160,24160
1616751430.158,26/03/2021 12:37:10,3090039,24101,24076.923
1616751431.158,26/03/2021 12:37:11,3114092,24053,24053
1616751432.158,26/03/2021 12:37:12,3138164,24072,24072
1616751433.158,26/03/2021 12:37:13,3162165,24001,24001
1616751434.158,26/03/2021 12:37:14,3186061,23896,23896
1616751435.158,26/03/2021 12:37:15,3209734,23673,23673
1616751436.158,26/03/2021 12:37:16,3233743,24009,24009
1616751437.158,26/03/2021 12:37:17,3257844,24101,24101
1616751438.159,26/03/2021 12:37:18,3282197,24353,24328.671
1616751439.159,26/03/2021 12:37:19,3306473,24276,24276
1616751440.159,26/03/2021 12:37:20,3330178,23705,23705
1616751441.159,26/03/2021 12:37:21,3354382,24204,24204
1616751442.159,26/03/2021 12:37:22,3378072,23690,23690
1616751443.159,26/03/2021 12:37:23,3402473,24401,24401
1616751444.159,26/03/2021 12:37:24,3426796,24323,24323
1616751445.159,26/03/2021 12:37:25,3450969,24173,24173
1616751446.16,26/03/2021 12:37:26,3474417,23448,23424.575
1616751447.16,26/03/2021 12:37:27,3499025,24608,24608
1616751448.16,26/03/2021 12:37:28,3523278,24253,24253
1616751449.16,26/03/2021 12:37:29,3547851,24573,24573
1616751450.16,26/03/2021 12:37:30,3572252,24401,24401
1616751451.16,26/03/2021 12:37:31,3596879,24627,24627
1616751452.16,26/03/2021 12:37:32,3620971,24092,24092
1616751453.16,26/03/2021 12:37:33,3645521,24550,24550
1616751454.16,26/03/2021 12:37:34,3669250,23729,23729
1616751455.16,26/03/2021 12:37:35,3693344,24094,24094
1616751456.161,26/03/2021 12:37:36,3717369,24025,24000.999
1616751457.161,26/03/2021 12:37:37,3741342,23973,23973
1616751458.161,26/03/2021 12:37:38,3764710,23368,23368
1616751459.161,26/03/2021 12:37:39,3788296,23586,23586
1616751460.161,26/03/2021 12:37:40,3812061,23765,23765
1616751461.161,26/03/2021 12:37:41,3835944,23883,23883
1616751462.161,26/03/2021 12:37:42,3859870,23926,23926
1616751463.161,26/03/2021 12:37:43,3883934,24064,24064
1616751464.161,26/03/2021 12:37:44,3907822,23888,23888
1616751465.161,26/03/2021 12:37:45,3931622,23800,23800
1616751466.162,26/03/2021 12:37:46,3955097,23475,23451.548
1616751467.162,26/03/2021 12:37:47,3978602,23505,23505
1616751468.162,26/03/2021 12:37:48,4002488,23886,23886
1616751469.162,26/03/2021 12:37:49,4026250,23762,23762
1616751470.162,26/03/2021 12:37:50,4049995,23745,23745
1616751471.162,26/03/2021 12:37:51,4072388,22393,22393
1616751472.162,26/03/2021 12:37:52,4095920,23532,23532
1616751473.162,26/03/2021 12:37:53,4119693,23773,23773
1616751474.162,26/03/2021 12:37:54,4143905,24212,24212
1616751475.162,26/03/2021 12:37:55,4167581,23676,23676
1616751476.163,26/03/2021 12:37:56,4190872,23291,23267.732
1616751477.163,26/03/2021 12:37:57,4214426,23554,23554
1616751478.163,26/03/2021 12:37:58,4237804,23378,23378
1616751479.163,26/03/2021 12:37:59,4261576,23772,23772
1616751480.163,26/03/2021 12:38:00,4285139,23563,23563
1616751481.163,26/03/2021 12:38:01,4308843,23704,23704
1616751482.163,26/03/2021 12:38:02,4332313,23470,23470
1616751483.164,26/03/2021 12:38:03,4355399,23086,23062.937
1616751484.164,26/03/2021 12:38:04,4378981,23582,23582
1616751485.164,26/03/2021 12:38:05,4402540,23559,23559
1616751486.164,26/03/2021 12:38:06,4426448,23908,23908
1616751487.164,26/03/2021 12:38:07,4450336,23888,23888
1616751488.164,26/03/2021 12:38:08,4473919,23583,23583
1616751489.164,26/03/2021 12:38:09,4498217,24298,24298
1616751490.164,26/03/2021 12:38:10,4521511,23294,23294
1616751491.164,26/03/2021 12:38:11,4545433,23922,23922
1616751492.165,26/03/2021 12:38:12,4569156,23723,23699.301
1616751493.165,26/03/2021 12:38:13,4592261,23105,23105
1616751494.165,26/03/2021 12:38:14,4615958,23697,23697
1616751495.165,26/03/2021 12:38:15,4638850,22892,22892
1616751496.165,26/03/2021 12:38:16,4662023,23173,23173
1616751497.165,26/03/2021 12:38:17,4685721,23698,23698
1616751498.165,26/03/2021 12:38:18,4709738,24017,24017
1616751499.165,26/03/2021 12:38:19,4733546,23808,23808
1616751500.165,26/03/2021 12:38:20,4756974,23428,23428
1616751501.165,26/03/2021 12:38:21,4780389,23415,23415
1616751502.166,26/03/2021 12:38:22,4803971,23582,23558.442
1616751503.166,26/03/2021 12:38:23,4827651,23680,23680
1616751504.166,26/03/2021 12:38:24,4851678,24027,24027
1616751505.166,26/03/2021 12:38:25,4875345,23667,23667
1616751506.166,26/03/2021 12:38:26,4898774,23429,23429
1616751507.166,26/03/2021 12:38:27,4922649,23875,23875
1616751508.166,26/03/2021 12:38:28,4946352,23703,23703
1616751509.166,26/03/2021 12:38:29,4970808,24456,24456
1616751510.166,26/03/2021 12:38:30,4994702,23894,23894
1616751511.166,26/03/2021 12:38:31,5018763,24061,24061
1616751512.167,26/03/2021 12:38:32,5042628,23865,23841.159
1616751513.167,26/03/2021 12:38:33,5065941,23313,23313
1616751514.167,26/03/2021 12:38:34,5089821,23880,23880
1616751515.167,26/03/2021 12:38:35,5113484,23663,23663
1616751516.167,26/03/2021 12:38:36,5137349,23865,23865
1616751517.167,26/03/2021 12:38:37,5161385,24036,24036
1616751518.167,26/03/2021 12:38:38,5185155,23770,23770
1616751519.167,26/03/2021 12:38:39,5208767,23612,23612
1616751520.167,26/03/2021 12:38:40,5232642,23875,23875
1616751521.168,26/03/2021 12:38:41,5256400,23758,23734.266
1616751522.168,26/03/2021 12:38:42,5280128,23728,23728
1616751523.168,26/03/2021 12:38:43,5303987,23859,23859
1616751524.168,26/03/2021 12:38:44,5327576,23589,23589
1616751525.168,26/03/2021 12:38:45,5351453,23877,23877
1616751526.168,26/03/2021 12:38:46,5375331,23878,23878
1616751527.168,26/03/2021 12:38:47,5399294,23963,23963
1616751528.168,26/03/2021 12:38:48,5423192,23898,23898
1616751529.168,26/03/2021 12:38:49,5447176,23984,23984
1616751530.169,26/03/2021 12:38:50,5470890,23714,23690.31
1616751531.169,26/03/2021 12:38:51,5494695,23805,23805
1616751532.169,26/03/2021 12:38:52,5518357,23662,23662
1616751533.169,26/03/2021 12:38:53,5542193,23836,23836
1616751534.169,26/03/2021 12:38:54,5566322,24129,24129
1616751535.169,26/03/2021 12:38:55,5589897,23575,23575
1616751536.169,26/03/2021 12:38:56,5614039,24142,24142
1616751537.169,26/03/2021 12:38:57,5638038,23999,23999
1616751538.169,26/03/2021 12:38:58,5661999,23961,23961
1616751539.169,26/03/2021 12:38:59,5686114,24115,24115
1616751540.169,26/03/2021 12:39:00,5709933,23819,23819
1616751541.17,26/03/2021 12:39:01,5734396,24463,24438.561
1616751542.17,26/03/2021 12:39:02,5758154,23758,23758
1616751543.17,26/03/2021 12:39:03,5782540,24386,24386
1616751544.17,26/03/2021 12:39:04,5806541,24001,24001
1616751545.17,26/03/2021 12:39:05,5830314,23773,23773
1616751546.17,26/03/2021 12:39:06,5854444,24130,24130
1616751547.17,26/03/2021 12:39:07,5878566,24122,24122
1616751548.17,26/03/2021 12:39:08,5902704,24138,24138
1616751549.17,26/03/2021 12:39:09,5926655,23951,23951
1616751550.17,26/03/2021 12:39:10,5950885,24230,24230
1616751551.171,26/03/2021 12:39:11,5975383,24498,24473.526
1616751552.171,26/03/2021 12:39:12,5999913,24530,24530
1616751553.171,26/03/2021 12:39:13,6023116,23203,23203
1616751554.171,26/03/2021 12:39:14,6047132,24016,24016
1616751555.171,26/03/2021 12:39:15,6071151,24019,24019
1616751556.171,26/03/2021 12:39:16,6094872,23721,23721
1616751557.171,26/03/2021 12:39:17,6118735,23863,23863
1616751558.171,26/03/2021 12:39:18,6142732,23997,23997
1616751559.171,26/03/2021 12:39:19,6166740,24008,24008
1616751560.171,26/03/2021 12:39:20,6190991,24251,24251
1616751561.172,26/03/2021 12:39:21,6214758,23767,23743.257
1616751562.172,26/03/2021 12:39:22,6238762,24004,24004
1616751563.172,26/03/2021 12:39:23,6262801,24039,24039
1616751564.172,26/03/2021 12:39:24,6286081,23280,23280
1616751565.172,26/03/2021 12:39:25,6309974,23893,23893
1616751566.172,26/03/2021 12:39:26,6333626,23652,23652
1616751567.172,26/03/2021 12:39:27,6357475,23849,23849
1616751568.172,26/03/2021 12:39:28,6381007,23532,23532
1616751569.172,26/03/2021 12:39:29,6404734,23727,23727
1616751570.172,26/03/2021 12:39:30,6428777,24043,24043
1616751571.173,26/03/2021 12:39:31,6452776,23999,23975.025
1616751572.173,26/03/2021 12:39:32,6476846,24070,24070
1616751573.173,26/03/2021 12:39:33,6501335,24489,24489
1616751574.173,26/03/2021 12:39:34,6525322,23987,23987
1616751575.173,26/03/2021 12:39:35,6549139,23817,23817
1616751576.173,26/03/2021 12:39:36,6573493,24354,24354
1616751577.173,26/03/2021 12:39:37,6597019,23526,23526
1616751578.173,26/03/2021 12:39:38,6620826,23807,23807
1616751579.173,26/03/2021 12:39:39,6644443,23617,23617
1616751580.173,26/03/2021 12:39:40,6667969,23526,23526
1616751581.173,26/03/2021 12:39:41,6691816,23847,23847
1616751582.174,26/03/2021 12:39:42,6715893,24077,24052.947
1616751583.174,26/03/2021 12:39:43,6739672,23779,23779
1616751584.174,26/03/2021 12:39:44,6763368,23696,23696
1616751585.174,26/03/2021 12:39:45,6787170,23802,23802
1616751586.174,26/03/2021 12:39:46,6811050,23880,23880
1616751587.174,26/03/2021 12:39:47,6834583,23533,23533
1616751588.174,26/03/2021 12:39:48,6858257,23674,23674
1616751589.174,26/03/2021 12:39:49,6882210,23953,23953
1616751590.174,26/03/2021 12:39:50,6906208,23998,23998
1616751591.174,26/03/2021 12:39:51,6930041,23833,23833
1616751592.175,26/03/2021 12:39:52,6953824,23783,23759.241
1616751593.175,26/03/2021 12:39:53,6977625,23801,23801
1616751594.175,26/03/2021 12:39:54,7001609,23984,23984
1616751595.175,26/03/2021 12:39:55,7025399,23790,23790
1616751596.175,26/03/2021 12:39:56,7048632,23233,23233
1616751597.175,26/03/2021 12:39:57,7072078,23446,23446
1616751598.175,26/03/2021 12:39:58,7095866,23788,23788
1616751599.175,26/03/2021 12:39:59,7119783,23917,23917
1616751600.175,26/03/2021 12:40:00,7143623,23840,23840
1616751601.175,26/03/2021 12:40:01,7167558,23935,23935
1616751602.175,26/03/2021 12:40:02,7191550,23992,23992
